,mean_fit_time,std_fit_time,mean_score_time,std_score_time,param_max_features,param_n_estimators,params,split0_test_score,split1_test_score,mean_test_score,std_test_score,rank_test_score
0,0.19651305675506592,0.0014418363571166992,0.03767836093902588,0.0008786916732788086,3,10,"{'max_features': 3, 'n_estimators': 10}",0.5598684210526316,0.5543175487465181,0.5570929848995748,0.002775436153056754,12
1,0.471895694732666,0.001363515853881836,0.07719743251800537,0.0007654428482055664,3,25,"{'max_features': 3, 'n_estimators': 25}",0.5546511627906977,0.5650644783118406,0.5598578205512692,0.005206657760571443,9
2,0.9420746564865112,0.011326193809509277,0.1420745849609375,0.0007746219635009766,3,50,"{'max_features': 3, 'n_estimators': 50}",0.5689131754705525,0.5850727387729285,0.5769929571217405,0.008079781651188,3
3,1.390464186668396,0.0062056779861450195,0.21091771125793457,0.0027048587799072266,3,75,"{'max_features': 3, 'n_estimators': 75}",0.5681953543776057,0.5880195599022005,0.5781074571399031,0.00991210276229737,2
4,1.8525846004486084,0.011812210083007812,0.27540838718414307,0.006555438041687012,3,100,"{'max_features': 3, 'n_estimators': 100}",0.5709068776628119,0.5955610357583231,0.5832339567105675,0.012327079047755596,1
5,0.25934505462646484,0.0024046897888183594,0.03532993793487549,0.0005115270614624023,5,10,"{'max_features': 5, 'n_estimators': 10}",0.538659793814433,0.5421052631578948,0.5403825284861639,0.0017227346717308967,14
6,0.6376651525497437,0.005785822868347168,0.07337713241577148,0.0011980533599853516,5,25,"{'max_features': 5, 'n_estimators': 25}",0.5543071161048689,0.5598870056497175,0.5570970608772932,0.00278994477242428,11
7,1.2673195600509644,0.0008653402328491211,0.1366124153137207,0.0005433559417724609,5,50,"{'max_features': 5, 'n_estimators': 50}",0.5695774647887324,0.5693251533742332,0.5694513090814828,0.0001261557072496089,6
8,1.9314028024673462,0.03436267375946045,0.20144057273864746,0.0036487579345703125,5,75,"{'max_features': 5, 'n_estimators': 75}",0.5746226942425936,0.5652173913043478,0.5699200427734707,0.004702651469122909,5
9,2.5233651399612427,0.02357304096221924,0.2634083032608032,0.0016807317733764648,5,100,"{'max_features': 5, 'n_estimators': 100}",0.5756181713628522,0.5772212283840191,0.5764196998734357,0.0008015285105834602,4
10,0.34289515018463135,0.012670397758483887,0.0341261625289917,0.0007392168045043945,7,10,"{'max_features': 7, 'n_estimators': 10}",0.5320074580484773,0.5398058252427185,0.5359066416455979,0.0038991835971206035,15
11,0.8316003084182739,0.007162690162658691,0.07090473175048828,0.0005693435668945312,7,25,"{'max_features': 7, 'n_estimators': 25}",0.5413090128755365,0.5437813720022309,0.5425451924388837,0.0012361795633472061,13
12,1.6422730684280396,0.02793419361114502,0.13371551036834717,0.0009821653366088867,7,50,"{'max_features': 7, 'n_estimators': 50}",0.5622146118721462,0.5596385542168675,0.5609265830445068,0.0012880288276393426,8
13,2.467676877975464,0.011614084243774414,0.19397521018981934,0.005330085754394531,7,75,"{'max_features': 7, 'n_estimators': 75}",0.5595826468973092,0.5570698466780238,0.5583262467876665,0.0012564001096426747,10
14,3.261080503463745,0.011708259582519531,0.2559877634048462,9.119510650634766e-05,7,100,"{'max_features': 7, 'n_estimators': 100}",0.5627828054298643,0.567693201626961,0.5652380035284126,0.0024551980985483834,7
